9.988480000000000969e-03
7.247039999999998865e-03
1.227967999999999942e-02
8.058239999999999501e-03
1.070976000000000046e-02
2.090431999999999707e-02
1.994143999999999778e-02
2.062272000000000063e-02
2.546175999999999995e-02
2.339168000000000150e-02
3.588862999999999776e-02
3.910782999999999621e-02
4.070399999999999713e-02
6.091263500000000664e-02
6.455775999999999182e-02
7.737825499999999301e-02
8.509375999999999052e-02
1.024054749999999958e-01
1.203990800000000194e-01
1.225485250000000192e-01
1.471535900000000008e-01
1.738584999999999992e-01
2.131069800000000014e-01
2.347549149999999807e-01
3.013967250000000320e-01
3.266498999999999930e-01
3.500633249999999808e-01
4.255690249999999897e-01
5.162889250000000096e-01
5.731440250000000569e-01
6.540441500000000463e-01
7.300374250000000176e-01
8.676484250000001675e-01
1.019292624999999841e+00
1.145176175000000018e+00
1.341982000000000230e+00
1.489924250000000061e+00
1.807299249999999802e+00
2.037910000000000110e+00
2.266213749999999916e+00
2.653248750000000378e+00
3.165219749999999888e+00
3.531190000000000939e+00
4.129376750000000484e+00
4.799730499999999900e+00
5.510330500000000242e+00
6.307532000000000139e+00
7.301142500000000091e+00
8.394194249999999968e+00
9.624054750000000880e+00
