4.131263999999999770e-02
3.527392000000000027e-02
4.030655999999999128e-02
2.949055999999999900e-02
2.884479999999999683e-02
6.541752999999998763e-02
6.445466499999999432e-02
6.513596500000000400e-02
1.012992499999999935e-01
9.922918000000000016e-02
1.216178799999999977e-01
1.413234700000000066e-01
1.561087550000000157e-01
1.862093149999999864e-01
2.162326349999999786e-01
2.636745750000000221e-01
2.977682999999999858e-01
3.200258500000000006e-01
3.792355749999999359e-01
4.341414000000000106e-01
5.197461999999999360e-01
6.206399750000000104e-01
7.522121500000000793e-01
8.035359499999999988e-01
9.278796000000000266e-01
1.053700325000000104e+00
1.317814750000000146e+00
1.467510250000000127e+00
1.614283250000000169e+00
1.934920999999999891e+00
2.174090499999999704e+00
2.513866249999999969e+00
2.890529500000000418e+00
3.315847999999999907e+00
3.959404000000000146e+00
4.391965749999999780e+00
5.199364749999999979e+00
5.871197249999999812e+00
6.898099999999999454e+00
7.937535750000000334e+00
9.198349999999999582e+00
1.052968999999999866e+01
1.208268750000000047e+01
1.398329000000000022e+01
1.596267750000000163e+01
1.848183000000000220e+01
2.138434749999999696e+01
2.453767249999999933e+01
2.811193749999999980e+01
3.258961250000000121e+01
