3.966399999999999787e-02
3.527392000000000027e-02
4.030655999999999128e-02
2.949055999999999900e-02
2.884479999999999683e-02
6.084072999999999565e-02
6.115738999999999898e-02
6.054044499999999829e-02
9.338766750000000727e-02
9.287523999999999780e-02
1.058932250000000075e-01
1.270225550000000092e-01
1.231985224999999906e-01
1.528594400000000131e-01
1.758507975000000167e-01
1.922694749999999675e-01
2.087946425000000161e-01
2.324892249999999938e-01
2.529082999999999748e-01
2.757695000000000007e-01
2.960119749999999827e-01
3.323474249999999741e-01
3.678887999999999603e-01
3.626697499999999574e-01
3.897011499999999407e-01
3.970671250000000208e-01
4.212125500000000189e-01
4.463941750000000042e-01
4.348929750000000150e-01
4.547598750000000356e-01
4.475619750000000008e-01
4.931490500000000887e-01
4.380495749999999688e-01
4.827883749999999918e-01
4.030543249999999911e-01
4.408466249999999920e-01
3.809151000000000620e-01
4.338846749999999974e-01
3.999107249999999669e-01
3.748727749999999914e-01
3.396675500000000403e-01
3.412761750000000149e-01
3.188171925000000129e-01
2.726406550000000095e-01
2.859958850000000052e-01
2.990717674999999742e-01
2.578216675000000180e-01
2.154526049999999915e-01
2.347208999999999546e-01
1.914944450000000131e-01
