9.988480000000000969e-03
7.247039999999998865e-03
1.227967999999999942e-02
8.058239999999999501e-03
1.070976000000000046e-02
1.528591999999999798e-02
1.602160000000000042e-02
1.431487999999999858e-02
1.851467174999999951e-02
1.671434674999999759e-02
2.691943000000000114e-02
2.517904000000000322e-02
2.822534199999999702e-02
4.087028250000000057e-02
4.347793375000000293e-02
5.007567500000000699e-02
5.279179000000000510e-02
6.384783499999999168e-02
7.360975750000001150e-02
7.384105750000000135e-02
8.309591499999999242e-02
9.397054750000000123e-02
1.118153925000000132e-01
1.218405675000000105e-01
1.509835799999999784e-01
1.568207149999999994e-01
1.467400174999999862e-01
1.791081425000000116e-01
2.046765249999999980e-01
2.177037249999999591e-01
2.396271000000000095e-01
2.436296749999999900e-01
2.590924000000000005e-01
2.822671500000000222e-01
2.771634749999999925e-01
2.920294749999999828e-01
2.942989500000000036e-01
2.998897500000000105e-01
3.059192000000000022e-01
2.980467749999999860e-01
2.876985249999999827e-01
2.864358499999999919e-01
2.741278750000000208e-01
2.658177249999999492e-01
2.410031749999999862e-01
2.316631475000000273e-01
2.136726399999999693e-01
1.985239249999999900e-01
1.983313300000000001e-01
1.848263975000000170e-01
